x1 = [0 1 1];
x2 = [3 -1 2 1];
N = 4;

